1169
1170
1174
1178
1179
1167
1168
945
1176
1171
1175
1184
1137
1172
946
943
1177
1180
1166
1182
1173
1181
1564
952
951
1187
944
1183
931
1565
928
1568
1136
938
935
949
1570
937
1567
1128
1571
1566
1127
939
929
1189
1214
1185
1130
924
911
1134
1142
947
886
1572
934
926
930
942
1124
1215
923
1141
1569
932
1186
933
927
1539
1540
1534
1576
1209
1140
914
940
925
1129
1217
910
1195
1599
1138
1165
1135
1573
908
1133
1210
1126
1204
948
1144
1584
1530
905
1188
1161
1536
896
1537
1574
922
1582
1008
1194
1583
887
1528
1193
1143
1221
936
1192
913
877
1207
1603
1604
1579
1529
898
1605
920
890
897
1507
1577
1602
1600
1216
1601
918
1606
1213
1614
1613
1510
892
1197
1208
1466
1607
1621
1616
1608
1423
1563
1508
1139
1535
1512
912
1160
1509
1620
1219
921
1619
1149
1431
1562
1125
1560
1514
1467
1424
1211
1575
1618
1559
1201
950
1609
1122
1158
1538
1511
1615
1132
906
1468
1163
903
1465
1190
863
1513
1543
1610
788
782
814
907
1146
1561
875
1611
941
1421
1196
893
1218
1131
1557
1519
1518
1585
861
1558
1525
1206
1212
1121
1629
765
1001
1578
1630
1419
1010
862
844
1555
1420
909
1159
891
1556
426
744
773
1612
988
431
1148
430
1554
807
1523
762
427
1156
917
550
857
1553
761
1526
432
810
1632
562
1633
1631
919
1191
1595
1412
841
753
741
979
1469
548
1123
1548
990
425
1524
874
551
1150
843
809
839
1220
1157
812
808
561
840
1162
767
1581
1623
776
1026
878
916
1588
429
1590
1551
1634
1596
413
739
1550
978
794
1520
755
832
1542
1628
1223
541
1617
813
763
1549
1592
889
850
545
1051
815
1580
1222
1622
1516
1627
681
547
1522
1011
1589
1459
1552
1154
852
1145
750
1492
1092
1164
781
1517
1546
1479
915
783
1147
1205
1594
745
1458
895
1625
902
1473
1547
1203
1471
829
789
1635
1120
1533
1636
994
1440
734
1478
1532
876
1477
771
1493
760
787
1545
1491
790
1025
1624
724
1593
1202
1488
1441
791
1033
564
412
1432
1490
1461
733
679
1155
764
1076
1470
991
394
593
594
854
1489
1626
1541
960
725
818
817
1152
1000
1097
1457
1448
592
830
811
1007
1453
1460
820
1429
981
682
1034
1417
779
1151
590
885
1027
1410
806
656
1006
855
989
597
869
392
563
1117
1446
587
1422
1449
1450
544
1118
1153
1098
1200
1494
433
1029
1048
732
845
904
833
391
1531
1199
616
871
720
819
1002
1451
540
1101
1475
740
883
535
792
1544
671
1452
884
980
772
835
586
1069
538
591
585
900
880
747
651
1472
1030
1454
1078
786
793
1009
1464
420
1430
784
560
653
997
1055
866
410
899
800
1418
1068
1056
583
1476
1521
1099
1275
220
901
582
1115
1591
1480
588
1032
1073
1587
658
1028
1077
360
1036
770
624
768
578
888
411
1482
1392
849
798
225
1086
1455
984
356
670
742
1474
657
359
1462
340
1371
526
1084
579
1058
959
1325
1274
596
1003
613
1443
749
1198
1586
226
1324
318
400
858
598
1095
1059
1435
650
1391
778
652
567
1399
1014
1372
735
1445
1411
546
842
851
723
1447
1370
513
389
714
1265
566
1004
514
1597
996
774
752
576
1301
1302
229
837
1318
424
655
1377
1087
1012
674
1271
379
999
568
1013
1096
1463
759
316
404
838
1321
1316
1022
1019
1483
868
227
1094
235
573
570
589
654
237
1322
1456
998
1402
233
1484
390
569
234
1300
1416
1409
314
958
748
757
1053
1373
1375
992
894
756
1031
1388
1308
804
968
1481
1487
1005
728
1498
1485
236
1276
1376
384
983
758
605
603
962
539
501
595
780
836
881
641
719
785
746
766
230
860
388
343
1018
572
512
1035
322
1500
423
534
1497
1405
1499
577
1016
403
882
481
574
848
565
1314
648
985
484
602
1305
993
618
1290
1041
507
491
495
549
489
1015
1246
212
422
1442
1323
490
305
1024
232
1283
275
669
1515
496
1496
383
493
217
580
1091
494
1054
231
480
517
302
974
584
1284
1501
619
1100
357
1343
1486
1093
678
1433
1364
1074
1397
313
1293
511
317
518
377
825
859
216
497
525
515
1342
478
1434
856
1400
1241
277
1282
1504
214
529
1079
1598
1017
666
1365
581
1437
823
975
378
482
1317
623
552
633
398
834
215
213
1238
510
873
1378
207
738
483
1366
743
559
193
537
380
1289
479
1082
976
315
1358
1444
492
612
1341
964
1368
1278
393
754
961
982
1062
599
1502
1495
802
477
1236
1355
1367
516
953
1344
1050
775
1309
502
847
464
995
1049
1363
722
1357
1340
353
409
1353
1045
661
522
395
1354
202
668
1116
1070
1350
1266
307
955
476
1270
196
1338
675
677
1306
751
1279
466
1361
1386
417
205
419
1089
195
1313
506
1390
1362
617
957
1395
1320
199
663
542
303
1638
1339
405
474
1351
1081
536
601
1356
1083
204
1527
504
197
1359
533
1251
467
1637
468
1252
309
1021
571
1020
402
604
963
799
194
505
192
1063
1352
186
1281
853
1403
1304
986
696
465
1311
407
1389
463
870
325
306
211
176
161
462
341
1503
1090
487
713
498
718
399
456
469
414
503
1360
600
201
421
203
867
769
1312
1039
827
1427
872
381
155
1108
368
831
246
1639
1369
1047
519
1641
1057
475
1328
508
1240
418
166
543
737
1303
1310
1315
311
1269
824
473
387
455
160
965
157
645
210
1298
987
977
178
326
523
1505
153
187
152
1398
1640
159
966
172
1345
620
156
324
151
685
206
228
1113
716
1114
1064
459
1104
164
1040
1331
1253
1080
330
1105
1109
150
972
296
471
499
1112
607
665
352
826
154
822
865
165
1330
969
575
777
327
1385
1326
1291
879
1065
1103
1327
485
118
250
297
1110
1438
557
408
139
973
136
249
715
180
406
170
821
524
729
169
1023
310
247
805
123
1329
346
332
531
1231
846
386
179
1349
1067
138
401
1119
1380
163
1088
135
200
1052
1439
1042
509
1387
382
208
168
312
167
1250
634
1075
646
954
707
374
1428
1384
1256
816
121
137
1066
223
1060
328
721
736
369
189
134
500
293
449
1381
245
1374
1332
1401
448
1408
450
1336
1642
520
451
1106
117
140
144
147
1102
1333
1382
1506
1085
143
643
1348
190
727
1286
446
488
659
632
717
1383
1111
460
188
119
149
141
345
1297
626
1061
555
1043
458
1072
142
1346
1071
967
295
828
274
694
530
1233
726
664
622
238
146
174
376
331
253
1226
116
1335
971
112
198
684
1273
1406
628
1404
308
1044
113
1235
693
181
644
122
385
1407
447
416
415
640
649
1037
1426
1248
864
158
278
452
1379
1225
127
1260
124
185
521
1249
629
145
686
1107
109
148
1394
532
556
108
1396
697
91
1425
337
1247
1228
92
683
637
554
304
435
445
90
349
128
691
171
221
970
444
93
87
1436
88
1229
351
173
1230
708
1046
437
615
1038
443
606
434
107
350
319
1393
355
627
361
114
85
270
1337
358
354
711
440
709
105
436
704
1307
1224
1277
129
621
801
344
267
84
397
126
428
441
528
323
371
40
956
470
239
1264
1292
125
639
131
438
175
209
272
78
77
558
608
625
797
266
730
690
680
667
242
51
803
796
82
222
795
329
1347
294
673
120
373
86
240
1413
79
184
439
442
342
39
289
1261
1319
1239
115
262
46
672
1296
73
286
252
241
1237
348
191
614
372
367
50
702
22
81
703
689
101
47
49
80
111
28
1285
26
1255
89
647
251
103
61
1259
396
336
243
45
635
1334
23
20
64
106
76
59
1254
21
218
60
364
42
375
15
13
25
162
710
224
1267
676
461
55
630
27
83
219
1227
33
48
261
1299
1295
1263
1415
63
338
183
35
31
457
102
24
527
273
65
38
37
1414
41
706
95
44
1272
339
365
276
366
692
244
292
1268
32
705
36
299
454
298
712
56
283
248
731
75
271
10
34
14
320
631
11
18
29
30
610
8
62
700
609
638
254
133
1287
321
265
1280
279
334
6
553
701
177
280
301
269
255
72
1262
1288
54
453
287
611
695
12
52
94
9
282
1243
363
284
2
1
335
288
5
130
1232
17
1244
281
110
1245
636
291
3
699
347
264
16
71
486
698
104
1242
7
182
333
98
43
132
70
362
662
257
67
97
370
300
268
96
642
285
4
1294
1258
19
57
258
263
100
99
259
660
1234
260
688
472
256
687
290
69
74
66
68
53
58
1257
